[[     360.13      327.02       84.99        92.4   0.0024132     0.81036]
 [     359.97      327.32       84.57      92.224   0.0006519     0.82281]
 [     360.05      327.04      83.918      93.071  0.00090897     0.80345]
 [     493.93       496.5      94.008      95.285  0.00034148      0.8397]
 [     494.35      496.63      93.984      95.695  0.00079694     0.83838]
 [     494.36      496.43      94.124      95.013  5.6684e-05     0.84917]
 [     494.36      496.73      94.534      95.367  3.5703e-05     0.87971]
 [     495.08      496.99      96.344      95.281  9.2447e-05      0.8405]
 [     494.28       496.6      95.066      95.646  0.00038323     0.86522]
 [     495.17      496.59      96.721       95.72  0.00058475     0.86338]
 [     283.66      611.73       60.69      56.911    0.000552     0.89537]
 [     283.58      611.51      60.685      57.437  0.00066197     0.92278]
 [     284.42      611.78      60.026       57.38   0.0012698     0.88426]
 [     284.09      611.93      61.004      57.422  7.7754e-05     0.91328]
 [     284.32      611.71      60.977      57.485  0.00030267     0.87236]
 [     283.75      611.77      60.032      57.045  0.00047714     0.90468]
 [     283.89       611.6       59.79       57.04  0.00022909     0.89077]]